1.0
20.0
40.0
48.0
51.0
55.0
68.0
76.0
85.0
94.0
108.0
122.0
127.0
135.0
139.0
146.0
155.0
167.0
191.0
195.0
205.0
210.0
225.0
238.0
253.0
256.0
261.0
266.0
266.0
267.0
283.0
287.0
290.0
311.0
320.0
322.0
323.0
325.0
339.0
341.0
348.0
356.0
357.0
360.0
361.0
383.0
389.0
393.0
395.0
397.0
431.0
434.0
450.0
451.0
457.0
467.0
474.0
482.0
486.0
495.0
510.0
536.0
537.0
561.0
571.0
577.0
579.0
591.0
595.0
627.0
633.0
635.0
643.0
654.0
693.0
705.0
707.0
708.0
748.0
758.0
776.0
821.0
827.0
851.0
907.0
916.0
949.0
984.0
993.0
1145.0
1250.0
1427.0
1446.0
1559.0
1757.0
1931.0
2143.0
3955.0
