0.0
0.0
1.0
2.0
2.0
2.0
4.0
4.0
4.0
6.0
6.0
6.0
7.0
7.0
9.0
10.0
11.0
13.0
13.0
13.0
15.0
15.0
17.0
18.0
19.0
19.0
20.0
20.0
20.0
21.0
22.0
23.0
25.0
26.0
32.0
32.0
32.0
34.0
36.0
36.0
38.0
41.0
41.0
42.0
42.0
42.0
43.0
44.0
46.0
50.0
53.0
53.0
54.0
56.0
56.0
63.0
70.0
74.0
79.0
82.0
92.0
96.0
97.0
106.0
113.0
115.0
122.0
123.0
131.0
136.0
143.0
144.0
147.0
151.0
152.0
153.0
153.0
155.0
171.0
176.0
188.0
200.0
202.0
203.0
210.0
227.0
227.0
230.0
235.0
244.0
246.0
259.0
262.0
264.0
265.0
271.0
277.0
290.0
292.0
307.0
320.0
322.0
325.0
330.0
358.0
366.0
378.0
378.0
387.0
392.0
413.0
424.0
429.0
434.0
437.0
454.0
477.0
479.0
518.0
528.0
546.0
566.0
568.0
578.0
599.0
601.0
610.0
637.0
705.0
726.0
739.0
747.0
751.0
764.0
830.0
842.0
852.0
928.0
967.0
1021.0
1040.0
1074.0
1081.0
1118.0
1140.0
1147.0
1200.0
1247.0
1290.0
1302.0
1417.0
1439.0
1506.0
1508.0
1520.0
1528.0
1539.0
1665.0
1707.0
1753.0
1777.0
1826.0
1828.0
1837.0
1907.0
2027.0
2035.0
2055.0
2061.0
2121.0
2162.0
2443.0
2530.0
2623.0
2829.0
3536.0
3643.0
3981.0
4309.0
4382.0
4404.0
5166.0
5241.0
7014.0
8938.0
23890.0
42623.0
45253.0
46419.0
51007.0
53948.0
170150.0
