725
1340
383
3510
146
593
146
382
2288
267
121
855
209
235
394
678
288
885
1348
295
554
169
728
190
3931
1560
981
1396
2769
2840
284
1154
1146
245
146
428
1828
1146
678
180
459
576
284
320
427
735
157
1234
2088
157
467
390
1453
1210
2284
61
295
284
693
1425
467
1144
927
525
200
681
1176
1380
898
1905
554
467
388
157
169
284
981
217
157
589
2727
473
714
794
338
321
237
235
201
1736
325
728
1093
1992
885
146
322
678
700
1175
3481
4303
91
377
264
1142
578
1025
1088
1348
184
326
2019
544
841
284
169
1282
876
668
146
981
294
1330
146
607
476
777
177
805
783
189
1110
246
981
2389
805
783
186
355
284
673
1615
923
1231
60
898
345
1063
246
885
